
----------------------------------------------------------------
FORMAT: X Y Z [YAW / PITCH]
----------------------------------------------------------------

--------------------------- EXAMPLE ----------------------------
Spawn: 528 68 -893 [-121.2 / 4.4]







################################################################
########################### GENERAL ###########################
################################################################

--------------------------- GAME START LOCATION ----------------------------
Spawn 171.5 66 -182.5

--------------------------- LOUNGE ----------------------------
Spawn: 107 68 -871 [63.1 / -0.9]
Jukebox: 101 69 -875








################################################################
########################## ADVENTURE ##########################
################################################################

------------------- VALLEY VILLAGE ADVENTURE -------------------
Spawn: 528 68 -893 [-121.2 / 4.4]
Chests:
3: 522 67 -894
1: 530, 68, -901
1: 554, 71, -901
1: 564, 71, -904
1: 568, 71, -906
1: 544, 63, -906 | 544, 63, -907
1: 516, 67, -907
2: 501, 54, -924 | 500, 54, -924
1: 528, 68, -945
3: 568, 69, -933
2: 610, 120, -925
1: 473, 80, -931
2: 490, 80, -924

--------------------- Frostgarde (ICY HILLS ADVENTURE) ----------------------
Spawn: 217 157 -1408 [172 / 51.6]
Chests:
215, 157, -1424
214, 157, -1424
211, 161, -1427
197, 156, -1448
194, 159, -1444
190, 141, -1466
183, 147, -1490
153, 143, -1498
154, 147, -1496
138, 160, -1522
130, 159, -1517
136, 163, -1528
133, 166, -1518
136, 177, -1518
133, 177, -1518

--------------------- HUGE CAVE ADVENTURE ---------------------
Spawn: 127 20 -271 [-45.1 / 7.3]
Chests:
204, -7, -234
190, 18, -264
230, -5, -294 | 231, -5, -294
144 -1 -269
166, 11, -219
229, 0, -233
164, 32, -268
162, 4, -253
204, 2, -283
219, -3, -273
246, 28, -288
240, 29, -320
186, 38, -289
269, 30, -289
239, 30, -309
242, 26, -280
206, 29, -252
177, 5, -285
251, -7, -296
242, -5, -275
156, 17, -250
225, -10, -280

--------------------- Týrvangr (LUMBER MINE FOREST ADVENTURE) ---------------------
Spawn: -1106 70 -2745
Chests:
-1090, 79, -2848
-1148, 63, -2891
-1144, 65, -2902
-1143, 64, -2886
-1114, 76, -2889
-1094, 67, -2883
-1094, 67, -2879
-1073, 72, -2873
-1143, 49, -2883
-1117, 71, -2855
-1113, 69, -2841
-1106, 70, -2826
-1130, 71, -2834
-1116, 76, -2860
-1113, 73, -2842
-1111, 70, -2861

--------------------- Muromtsevo Coast ADVENTURE (SIBIRIAN COTTAGE VILLAGE) ---------------------
Spawn: -2399 77 176
Chests:
-2433, 63, 123
-2431, 63, 119
-2432, 64, 114
-2396, 75, 182
-2395, 75, 183
-2394, 77, 183
-2315, 103, 109
-2316, 106, 99
-2326, 105, 116
-2322, 106, 104
-2318, 105, 102
-2306, 96, 109
-2309, 114, 104
-2324, 113, 113
-2308, 103, 104
-2310, 79, 202
-2224, 75, 159
-2251, 78, 71
-2296, 88, 80

--------------------- Vael'Torrah (MESA HILLSIDE ADVENTURE) ---------------------
Spawn:  10260 79 -37 [-59.5 / 7.1]
Chests:
10338, 70, 27
10338, 70, 32
10340, 70, 32
10339, 71, 44
10339, 71, 57
10340, 74, 25
10341, 74, 39
10342, 74, 41
10343, 77, 27
10350, 78, 41
10349, 78, 47
10349, 78, 52
10340, 78, 53
10340, 79, 43
10341, 78, 42
10344, 81, 17
10344, 81, 21
10340, 82, 50
10347, 82, 16
10346, 85, 18
10345, 84, 24
10349, 88, 21
10346, 90, 28
10343, 90, 35
10343, 88, 52
10343, 88, 53
10336, 90, 61
10336, 86, 61
10337, 78, 64
10341, 78, 62
10336, 74, 61

--------------------------- CASINO/SPILLPARK ---------------------------
[DROPPES]
Spawn: 486 64 -330 [-121.2 / 4.4]






################################################################
######################### ARENA FIGHT #########################
################################################################

--------------------------- ARENA 1 ---------------------------
Spawn: 268.5 64 -167.5







################################################################
############################ OTHER ############################
################################################################

--------------------------- MYSTERY1 ---------------------------
[DROPPES]
Spawn: -283.5 58 -160.5 [-121.2 / 4.4]

--------------------------- WHAT THE HELL?? NASA SHIT?? ---------------------------
[DROPPES]
Spawn: -20 64 -392

End-area:
-271 14 -156

